[gd_scene load_steps=8 format=2]

[ext_resource path="res://KinematicBody.cs" type="Script" id=1]

[sub_resource type="CapsuleShape" id=4]

[sub_resource type="CapsuleMesh" id=5]

[sub_resource type="CubeMesh" id=6]
size = Vector3( 0.1, 3, 0.1 )

[sub_resource type="PlaneMesh" id=1]
size = Vector2( 32, 32 )

[sub_resource type="SpatialMaterial" id=2]
albedo_color = Color( 0.388235, 0.0235294, 0.0235294, 1 )

[sub_resource type="ConcavePolygonShape" id=3]
data = PoolVector3Array( 16, 0, 16, -16, 0, 16, 16, 0, -16, -16, 0, 16, -16, 0, -16, 16, 0, -16 )

[node name="MoverPersonaje" type="Spatial"]

[node name="Camera2" type="Camera" parent="."]
transform = Transform( 1, 0, 0, 0, 0.91419, 0.405285, 0, -0.405285, 0.91419, 1.6136, 15.4126, 11.9846 )

[node name="KinematicBody" type="KinematicBody" parent="."]
transform = Transform( -0.993855, 0, -0.110688, 0, 1, 0, 0.110688, 0, -0.993855, 0, 12.6309, -3.93724e-07 )
script = ExtResource( 1 )

[node name="CollisionShape" type="CollisionShape" parent="KinematicBody"]
transform = Transform( 1, 0, 0, 0, -1.62921e-07, -1, 0, 1, -1.62921e-07, 0, 0, 0 )
shape = SubResource( 4 )

[node name="Camera" type="Camera" parent="KinematicBody"]
transform = Transform( -0.999198, 0, 0.0400445, 0.013094, 0.945029, 0.326725, -0.0378432, 0.326987, -0.944271, 0, 0.903077, 1.39614 )

[node name="MeshInstance" type="MeshInstance" parent="KinematicBody"]
transform = Transform( 1, 0, 0, 0, -1.62921e-07, -1, 0, 1, -1.62921e-07, 0, 0, 0 )
mesh = SubResource( 5 )
material/0 = null

[node name="MeshInstance2" type="MeshInstance" parent="KinematicBody"]
transform = Transform( 1, 0, 0, 0, -1.62921e-07, -1, 0, 1, -1.62921e-07, 0, 0.0631104, 1.61887 )
mesh = SubResource( 6 )
material/0 = null

[node name="MeshInstance" type="MeshInstance" parent="."]
mesh = SubResource( 1 )
material/0 = SubResource( 2 )

[node name="StaticBody" type="StaticBody" parent="MeshInstance"]

[node name="CollisionShape" type="CollisionShape" parent="MeshInstance/StaticBody"]
shape = SubResource( 3 )

[node name="MeshInstance2" type="MeshInstance" parent="."]
transform = Transform( 1, 0, 0, 0, 1, 0, 0, 0, 1, 0, 0.658758, 0.904361 )
